OPEN_KNIGHT
220,295,270,280,280,270,295,220,
250,280,285,298,297,285,280,250,
265,300,300,300,300,300,300,265,
275,290,300,310,310,300,290,275,
280,295,300,320,320,300,295,280,
300,310,310,320,320,310,310,300,
290,305,315,320,320,315,305,290,
220,255,265,265,265,265,255,220


OPEN_QUEEN
900,900,910,915,910,910,900,900,
900,900,910,910,910,910,900,900,
900,900,910,910,910,910,900,900,
900,900,910,910,910,910,900,900,
900,900,910,910,910,910,900,900,
900,900,910,910,910,910,900,900,
900,900,910,910,910,910,900,900,
900,900,910,910,910,910,900,900


OPEN_BISHOP
300,300,300,300,300,300,300,300,
300,315,300,300,300,300,315,300,
300,310,310,310,310,310,310,300,
300,300,315,315,315,315,300,300,
300,310,310,315,315,310,310,300,
300,310,310,315,315,310,310,300,
300,300,300,300,300,300,300,300,
300,300,300,300,300,300,300,300

OPEN_ROOK
460,460,465,465,465,465,460,460,
455,455,460,460,460,460,455,455,
450,450,455,455,455,455,450,450,
450,450,455,455,455,455,450,450,
450,450,455,455,455,455,450,450,
460,460,465,465,465,465,460,460,
480,480,485,485,485,485,480,480,
460,460,465,465,465,465,460,460


OPEN_KING
20,20,20,0,0,20,20,20,
0,0,0,0,0,0,0,0,
-100,-100,-100,-100,-100,-100,-100,-100,
-150,-150,-150,-150,-150,-150,-150,-150,
-200,-200,-200,-200,-200,-200,-200,-200,
-200,-200,-200,-200,-200,-200,-200,-200,
-100,-100,-100,-100,-100,-100,-100,-100,
-100,-100,-100,-100,-100,-100,-100,-100

OPEN_PAWN
100,100,100,100,100,100,100,100,
100,100,100,100,100,100,100,100,
100,100,100,105,105,100,100,100,
100,100,105,110,110,105,100,100,
100,100,100,110,115,100,100,100,
120,120,120,130,130,120,120,120,
180,180,180,180,180,180,180,180,
100,100,100,100,100,100,100,100

END_KNIGHT
280,280,280,280,280,280,280,280,
280,280,280,280,280,280,280,280,
280,280,290,290,290,290,280,280,
280,280,290,290,290,290,280,280,
280,280,290,290,290,290,280,280,
280,280,290,290,290,290,280,280,
280,280,280,280,280,280,280,280,
280,280,280,280,280,280,280,280


END_QUEEN
900,900,900,900,900,900,900,900,
900,900,900,900,900,900,900,900,
900,900,910,910,910,910,900,900,
900,900,910,910,910,910,900,900,
900,900,910,910,910,910,900,900,
900,900,910,910,910,910,900,900,
900,900,900,900,900,900,900,900,
900,900,900,900,900,900,900,900


END_BISHOP
300,300,300,300,300,300,300,300,
300,300,300,300,300,300,300,300,
300,300,310,310,310,310,300,300,
300,300,310,310,310,310,300,300,
300,300,310,310,310,310,300,300,
300,300,310,310,310,310,300,300,
300,300,300,300,300,300,300,300,
300,300,300,300,300,300,300,300

END_ROOK
500,500,500,500,500,500,500,500,
500,500,500,500,500,500,500,500,
500,500,500,500,500,500,500,500,
500,500,500,500,500,500,500,500,
500,500,500,500,500,500,500,500,
500,500,500,500,500,500,500,500,
510,510,510,510,510,510,510,510,
500,500,500,500,500,500,500,500


END_KING
0,0,0,0,0,0,0,0,
0,0,0,0,0,0,0,0,
0,0,5,5,5,5,0,0,
0,0,5,5,5,5,0,0,
0,0,5,5,5,5,0,0,
0,0,5,5,5,5,0,0,
0,0,0,0,0,0,0,0,
0,0,0,0,0,0,0,0

END_PAWN
100,100,100,100,100,100,100,100,
100,100,100,100,100,100,100,100,
105,105,105,105,105,105,105,105,
110,110,110,110,110,110,110,110,
120,120,120,120,120,120,120,120,
130,130,130,130,130,130,130,130,
160,160,160,160,160,160,160,160,
100,100,100,100,100,100,100,100

MATING_KING
0,10,10,10,10,10,10,0,
10,30,30,30,30,30,30,10,
10,30,67,67,67,67,30,10,
10,30,67,70,70,67,30,10,
10,30,67,70,70,67,30,10,
10,30,67,67,67,67,30,10,
10,30,30,30,30,30,30,10,
0,10,10,10,10,10,10,0


MATING_PAWN
100,100,100,100,100,100,100,100,
100,100,100,100,100,100,100,100,
100,100,100,100,100,100,100,100,
100,100,100,100,100,100,100,100,
100,100,100,100,100,100,100,100,
100,100,100,100,100,100,100,100,
100,100,100,100,100,100,100,100,
100,100,100,100,100,100,100,100

MATING_BISHOP
300,300,300,300,300,300,300,300,
300,300,300,300,300,300,300,300,
300,300,300,300,300,300,300,300,
300,300,300,300,300,300,300,300,
300,300,300,300,300,300,300,300,
300,300,300,300,300,300,300,300,
300,300,300,300,300,300,300,300,
300,300,300,300,300,300,300,300

MATING_QUEEN
900,900,900,900,900,900,900,900,
900,900,900,900,900,900,900,900,
900,900,900,900,900,900,900,900,
900,900,900,900,900,900,900,900,
900,900,900,900,900,900,900,900,
900,900,900,900,900,900,900,900,
900,900,900,900,900,900,900,900,
900,900,900,900,900,900,900,900

MATING_ROOK
500,500,500,500,500,500,500,500,
500,500,500,500,500,500,500,500,
500,500,500,500,500,500,500,500,
500,500,500,500,500,500,500,500,
500,500,500,500,500,500,500,500,
500,500,500,500,500,500,500,500,
500,500,500,500,500,500,500,500,
500,500,500,500,500,500,500,500


MATING_KNIGHT
100,100,100,100,100,100,100,100,
100,100,100,100,100,100,100,100,
100,100,100,100,100,100,100,100,
100,100,100,100,100,100,100,100,
100,100,100,100,100,100,100,100,
100,100,100,100,100,100,100,100,
100,100,100,100,100,100,100,100,
100,100,100,100,100,100,100,100
